00000000101000000000000010010011
00000000110000000000000001101111
00000000001100001000000110010011
01000000000100011000000110110011
00000001010000000000000100010011
00001111110000010000111110010111
11111110110011111000111110010011
00000000000111111010000000100011
00000000001011111010001000100011
00000000001111111010010000100011
00000000010011111010011000100011
00000000010111111010100000100011
00000000011011111010101000100011
00000000011111111010110000100011
00000000100011111010111000100011
00000010100111111010000000100011
00000010101011111010001000100011
00000010101111111010010000100011
00000010110011111010011000100011
00000010110111111010100000100011
00000010111011111010101000100011
00000010111111111010110000100011
00000011000011111010111000100011
00000101000111111010000000100011
00000101001011111010001000100011
00000101001111111010010000100011
00000101010011111010011000100011
00000101010111111010100000100011
00000101011011111010101000100011
00000101011111111010110000100011
00000101100011111010111000100011
00000111100111111010000000100011
00000111101011111010001000100011
00000111101111111010010000100011
00000111110011111010011000100011
00000111110111111010100000100011
00000111111011111010101000100011
